%YAML:1.0
---
nums:19
squareSize:0.05
banzi_row:10
banzi_col:9
intrinsics: !!opencv-matrix
   rows: 3
   cols: 3
   dt: d
   data: [7.5500474271171936e+02,0,4.8902083527966153e+02,0,7.5528015156352978e+02,7.5605413592941056e+02,0,0,1]
distortion_coeffs: !!opencv-matrix
   rows: 1
   cols: 5
   dt: d
   data: [ -3.5708572719568576e-01, 1.5389645762562049e-01,-3.6745942911327984e-04, 4.2660326065275124e-04,-3.4828216207804713e-02]
